100020250901
100020250902
100020250903
100020250904
100020250905
100020250906
100020250907
100020250908
100020250909
100020250910
100020250911
100020250912
100020250913
100020250914
100020250915
100020250916
100020250917
100020250918
100020250919
100020250920
100020250921
100020250922
100020250923
100020250924
100020250925
100020250926
100020250927
100020250928
100020250929
100020250930
100020250931
100020250932
100020250933
100020250934
100020250935
100020250936
100020250937
100020250938
100020250939
100020250940
100020250941
100020250942
100020250943
100020250944
100020250945
100020250946
100020250947
100020250948
100020250949
100020250950
100020250951
100020250952
100020250953
100020250954
100020250955
100020250956
100020250957
100020250958
100020250959
100020250960
100020250961
100020250962
100020250963
100020250964
100020250965
100020250966
100020250967
100020250968
100020250969
100020250970
100020250971
100020250972
100020250973
100020250974
100020250975
100020250976
100020250977
100020250978
100020250979
100020250980
100020250981
100020250982
100020250983
100020250984
100020250985
100020250986
100020250987
100020250988
100020250989
100020250990
100020250991
100020250992
100020250993
100020250994
100020250995
100020250996
100020250997
100020250998
100020250999
100020251000